jails:
  spawnjail:
    world: 091b2957-fdd9-4022-b12d-083fa9791450
    world-name: world
    x: -7589620.800043912
    y: 70.0
    z: -1.2361025393683355E7
    yaw: 92.99420166015625
    pitch: 11.907356262207031
