spawns:
  default:
    world: 091b2957-fdd9-4022-b12d-083fa9791450
    world-name: japanlobby-minesborka_ru
    x: -7589566.390865456
    y: 72.0
    z: -1.2361104600990066E7
    yaw: 179.20028686523438
    pitch: 3.782811164855957
