world: 091b2957-fdd9-4022-b12d-083fa9791450
world-name: world
x: -7589566.654562594
y: 46.0
z: -1.2361173671962935E7
yaw: 0.32568359375
pitch: -2.180087089538574
name: pvp
lastowner: 476dc8ad-7e3a-3e8f-bed1-2a2a1cac7033
