world: 091b2957-fdd9-4022-b12d-083fa9791450
world-name: world
x: -7589566.453589312
y: 70.0
z: -1.23610494224541E7
yaw: 0.759033203125
pitch: -8.154715538024902
name: spawn-parkour
lastowner: 476dc8ad-7e3a-3e8f-bed1-2a2a1cac7033
